TIFF Directory at offset 0x8 (8)
  Subfile Type: (0 = 0x0)
  Image Width: 931 Image Length: 1696
  Bits/Sample: 32
  Sample Format: IEEE floating point
  Compression Scheme: None
  Photometric Interpretation: min-is-black
  Samples/Pixel: 1
  Rows/Strip: 1696
  Planar Configuration: single image plane
  ImageDescription: ImageJ=1.49v
images=878
slices=878
loop=false
min=180.69017028808594
max=2450.630615234375
xorigin=-525.0
yorigin=-57.0
zorigin=336.0

  Tag 50838: 12,2,2,2,2,2,2,2,2,2,4,4,4,4,4,4,4,4,4,4,4,4,4,4,4,4,4,4,4,4,4,4,4,4,4,4,4,4,4,4,4,4,4,4,4,4,4,4,4,4,4,4,4,4,4,4,4,4,4,4,4,4,4,4,4,4,4,4,4,4,4,4,4,4,4,4,4,4,4,4,4,4,4,4,4,4,4,4,4,4,4,4,4,4,4,4,4,4,4,4,6,6,6,6,6,6,6,6,6,6,6,6,6,6,6,6,6,6,6,6,6,6,6,6,6,6,6,6,6,6,6,6,6,6,6,6,6,6,6,6,6,6,6,6,6,6,6,6,6,6,6,6,6,6,6,6,6,6,6,6,6,6,6,6,6,6,6,6,6,6,6,6,6,6,6,6,6,6,6,6,6,6,6,6,6,6,6,6,6,6,6,6,6,6,6,6,6,6,6,6,6,6,6,6,6,6,6,6,6,6,6,6,6,6,6,6,6,6,6,6,6,6,6,6,6,6,6,6,6,6,6,6,6,6,6,6,6,6,6,6,6,6,6,6,6,6,6,6,6,6,6,6,6,6,6,6,6,6,6,6,6,6,6,6,6,6,6,6,6,6,6,6,6,6,6,6,6,6,6,6,6,6,6,6,6,6,6,6,6,6,6,6,6,6,6,6,6,6,6,6,6,6,6,6,6,6,6,6,6,6,6,6,6,6,6,6,6,6,6,6,6,6,6,6,6,6,6,6,6,6,6,6,6,6,6,6,6,6,6,6,6,6,6,6,6,6,6,6,6,6,6,6,6,6,6,6,6,6,6,6,6,6,6,6,6,6,6,6,6,6,6,6,6,6,6,6,6,6,6,6,6,6,6,6,6,6,6,6,6,6,6,6,6,6,6,6,6,6,6,6,6,6,6,6,6,6,6,6,6,6,6,6,6,6,6,6,6,6,6,6,6,6,6,6,6,6,6,6,6,6,6,6,6,6,6,6,6,6,6,6,6,6,6,6,6,6,6,6,6,6,6,6,6,6,6,6,6,6,6,6,6,6,6,6,6,6,6,6,6,6,6,6,6,6,6,6,6,6,6,6,6,6,6,6,6,6,6,6,6,6,6,6,6,6,6,6,6,6,6,6,6,6,6,6,6,6,6,6,6,6,6,6,6,6,6,6,6,6,6,6,6,6,6,6,6,6,6,6,6,6,6,6,6,6,6,6,6,6,6,6,6,6,6,6,6,6,6,6,6,6,6,6,6,6,6,6,6,6,6,6,6,6,6,6,6,6,6,6,6,6,6,6,6,6,6,6,6,6,6,6,6,6,6,6,6,6,6,6,6,6,6,6,6,6,6,6,6,6,6,6,6,6,6,6,6,6,6,6,6,6,6,6,6,6,6,6,6,6,6,6,6,6,6,6,6,6,6,6,6,6,6,6,6,6,6,6,6,6,6,6,6,6,6,6,6,6,6,6,6,6,6,6,6,6,6,6,6,6,6,6,6,6,6,6,6,6,6,6,6,6,6,6,6,6,6,6,6,6,6,6,6,6,6,6,6,6,6,6,6,6,6,6,6,6,6,6,6,6,6,6,6,6,6,6,6,6,6,6,6,6,6,6,6,6,6,6,6,6,6,6,6,6,6,6,6,6,6,6,6,6,6,6,6,6,6,6,6,6,6,6,6,6,6,6,6,6,6,6,6,6,6,6,6,6,6,6,6,6,6,6,6,6,6,6,6,6,6,6,6,6,6,6,6,6,6,6,6,6,6,6,6,6,6,6,6,6,6,6,6,6,6,6,6,6,6,6,6,6,6,6,6,6,6,6,6,6,6,6,6,6,6,6,6,6,6,6,6,6,6,6,6,6,6,6,6,6,6,6,6,6,6,6,6,6,6,6,6,6,6,6,6,6,6,6,6,6,6,6,6,6,6,6,6,6,6,6,6,6,6,6,6,6,6,6,6,6,6,6,6,6,6,6,6,6,6,6,6,6,6
  Tag 50839: 73,74,73,74,108,97,98,108,0,0,3,110,0,49,0,50,0,51,0,52,0,53,0,54,0,55,0,56,0,57,0,49,0,48,0,49,0,49,0,49,0,50,0,49,0,51,0,49,0,52,0,49,0,53,0,49,0,54,0,49,0,55,0,49,0,56,0,49,0,57,0,50,0,48,0,50,0,49,0,50,0,50,0,50,0,51,0,50,0,52,0,50,0,53,0,50,0,54,0,50,0,55,0,50,0,56,0,50,0,57,0,51,0,48,0,51,0,49,0,51,0,50,0,51,0,51,0,51,0,52,0,51,0,53,0,51,0,54,0,51,0,55,0,51,0,56,0,51,0,57,0,52,0,48,0,52,0,49,0,52,0,50,0,52,0,51,0,52,0,52,0,52,0,53,0,52,0,54,0,52,0,55,0,52,0,56,0,52,0,57,0,53,0,48,0,53,0,49,0,53,0,50,0,53,0,51,0,53,0,52,0,53,0,53,0,53,0,54,0,53,0,55,0,53,0,56,0,53,0,57,0,54,0,48,0,54,0,49,0,54,0,50,0,54,0,51,0,54,0,52,0,54,0,53,0,54,0,54,0,54,0,55,0,54,0,56,0,54,0,57,0,55,0,48,0,55,0,49,0,55,0,50,0,55,0,51,0,55,0,52,0,55,0,53,0,55,0,54,0,55,0,55,0,55,0,56,0,55,0,57,0,56,0,48,0,56,0,49,0,56,0,50,0,56,0,51,0,56,0,52,0,56,0,53,0,56,0,54,0,56,0,55,0,56,0,56,0,56,0,57,0,57,0,48,0,57,0,49,0,57,0,50,0,57,0,51,0,57,0,52,0,57,0,53,0,57,0,54,0,57,0,55,0,57,0,56,0,57,0,57,0,49,0,48,0,48,0,49,0,48,0,49,0,49,0,48,0,50,0,49,0,48,0,51,0,49,0,48,0,52,0,49,0,48,0,53,0,49,0,48,0,54,0,49,0,48,0,55,0,49,0,48,0,56,0,49,0,48,0,57,0,49,0,49,0,48,0,49,0,49,0,49,0,49,0,49,0,50,0,49,0,49,0,51,0,49,0,49,0,52,0,49,0,49,0,53,0,49,0,49,0,54,0,49,0,49,0,55,0,49,0,49,0,56,0,49,0,49,0,57,0,49,0,50,0,48,0,49,0,50,0,49,0,49,0,50,0,50,0,49,0,50,0,51,0,49,0,50,0,52,0,49,0,50,0,53,0,49,0,50,0,54,0,49,0,50,0,55,0,49,0,50,0,56,0,49,0,50,0,57,0,49,0,51,0,48,0,49,0,51,0,49,0,49,0,51,0,50,0,49,0,51,0,51,0,49,0,51,0,52,0,49,0,51,0,53,0,49,0,51,0,54,0,49,0,51,0,55,0,49,0,51,0,56,0,49,0,51,0,57,0,49,0,52,0,48,0,49,0,52,0,49,0,49,0,52,0,50,0,49,0,52,0,51,0,49,0,52,0,52,0,49,0,52,0,53,0,49,0,52,0,54,0,49,0,52,0,55,0,49,0,52,0,56,0,49,0,52,0,57,0,49,0,53,0,48,0,49,0,53,0,49,0,49,0,53,0,50,0,49,0,53,0,51,0,49,0,53,0,52,0,49,0,53,0,53,0,49,0,53,0,54,0,49,0,53,0,55,0,49,0,53,0,56,0,49,0,53,0,57,0,49,0,54,0,48,0,49,0,54,0,49,0,49,0,54,0,50,0,49,0,54,0,51,0,49,0,54,0,52,0,49,0,54,0,53,0,49,0,54,0,54,0,49,0,54,0,55,0,49,0,54,0,56,0,49,0,54,0,57,0,49,0,55,0,48,0,49,0,55,0,49,0,49,0,55,0,50,0,49,0,55,0,51,0,49,0,55,0,52,0,49,0,55,0,53,0,49,0,55,0,54,0,49,0,55,0,55,0,49,0,55,0,56,0,49,0,55,0,57,0,49,0,56,0,48,0,49,0,56,0,49,0,49,0,56,0,50,0,49,0,56,0,51,0,49,0,56,0,52,0,49,0,56,0,53,0,49,0,56,0,54,0,49,0,56,0,55,0,49,0,56,0,56,0,49,0,56,0,57,0,49,0,57,0,48,0,49,0,57,0,49,0,49,0,57,0,50,0,49,0,57,0,51,0,49,0,57,0,52,0,49,0,57,0,53,0,49,0,57,0,54,0,49,0,57,0,55,0,49,0,57,0,56,0,49,0,57,0,57,0,50,0,48,0,48,0,50,0,48,0,49,0,50,0,48,0,50,0,50,0,48,0,51,0,50,0,48,0,52,0,50,0,48,0,53,0,50,0,48,0,54,0,50,0,48,0,55,0,50,0,48,0,56,0,50,0,48,0,57,0,50,0,49,0,48,0,50,0,49,0,49,0,50,0,49,0,50,0,50,0,49,0,51,0,50,0,49,0,52,0,50,0,49,0,53,0,50,0,49,0,54,0,50,0,49,0,55,0,50,0,49,0,56,0,50,0,49,0,57,0,50,0,50,0,48,0,50,0,50,0,49,0,50,0,50,0,50,0,50,0,50,0,51,0,50,0,50,0,52,0,50,0,50,0,53,0,50,0,50,0,54,0,50,0,50,0,55,0,50,0,50,0,56,0,50,0,50,0,57,0,50,0,51,0,48,0,50,0,51,0,49,0,50,0,51,0,50,0,50,0,51,0,51,0,50,0,51,0,52,0,50,0,51,0,53,0,50,0,51,0,54,0,50,0,51,0,55,0,50,0,51,0,56,0,50,0,51,0,57,0,50,0,52,0,48,0,50,0,52,0,49,0,50,0,52,0,50,0,50,0,52,0,51,0,50,0,52,0,52,0,50,0,52,0,53,0,50,0,52,0,54,0,50,0,52,0,55,0,50,0,52,0,56,0,50,0,52,0,57,0,50,0,53,0,48,0,50,0,53,0,49,0,50,0,53,0,50,0,50,0,53,0,51,0,50,0,53,0,52,0,50,0,53,0,53,0,50,0,53,0,54,0,50,0,53,0,55,0,50,0,53,0,56,0,50,0,53,0,57,0,50,0,54,0,48,0,50,0,54,0,49,0,50,0,54,0,50,0,50,0,54,0,51,0,50,0,54,0,52,0,50,0,54,0,53,0,50,0,54,0,54,0,50,0,54,0,55,0,50,0,54,0,56,0,50,0,54,0,57,0,50,0,55,0,48,0,50,0,55,0,49,0,50,0,55,0,50,0,50,0,55,0,51,0,50,0,55,0,52,0,50,0,55,0,53,0,50,0,55,0,54,0,50,0,55,0,55,0,50,0,55,0,56,0,50,0,55,0,57,0,50,0,56,0,48,0,50,0,56,0,49,0,50,0,56,0,50,0,50,0,56,0,51,0,50,0,56,0,52,0,50,0,56,0,53,0,50,0,56,0,54,0,50,0,56,0,55,0,50,0,56,0,56,0,50,0,56,0,57,0,50,0,57,0,48,0,50,0,57,0,49,0,50,0,57,0,50,0,50,0,57,0,51,0,50,0,57,0,52,0,50,0,57,0,53,0,50,0,57,0,54,0,50,0,57,0,55,0,50,0,57,0,56,0,50,0,57,0,57,0,51,0,48,0,48,0,51,0,48,0,49,0,51,0,48,0,50,0,51,0,48,0,51,0,51,0,48,0,52,0,51,0,48,0,53,0,51,0,48,0,54,0,51,0,48,0,55,0,51,0,48,0,56,0,51,0,48,0,57,0,51,0,49,0,48,0,51,0,49,0,49,0,51,0,49,0,50,0,51,0,49,0,51,0,51,0,49,0,52,0,51,0,49,0,53,0,51,0,49,0,54,0,51,0,49,0,55,0,51,0,49,0,56,0,51,0,49,0,57,0,51,0,50,0,48,0,51,0,50,0,49,0,51,0,50,0,50,0,51,0,50,0,51,0,51,0,50,0,52,0,51,0,50,0,53,0,51,0,50,0,54,0,51,0,50,0,55,0,51,0,50,0,56,0,51,0,50,0,57,0,51,0,51,0,48,0,51,0,51,0,49,0,51,0,51,0,50,0,51,0,51,0,51,0,51,0,51,0,52,0,51,0,51,0,53,0,51,0,51,0,54,0,51,0,51,0,55,0,51,0,51,0,56,0,51,0,51,0,57,0,51,0,52,0,48,0,51,0,52,0,49,0,51,0,52,0,50,0,51,0,52,0,51,0,51,0,52,0,52,0,51,0,52,0,53,0,51,0,52,0,54,0,51,0,52,0,55,0,51,0,52,0,56,0,51,0,52,0,57,0,51,0,53,0,48,0,51,0,53,0,49,0,51,0,53,0,50,0,51,0,53,0,51,0,51,0,53,0,52,0,51,0,53,0,53,0,51,0,53,0,54,0,51,0,53,0,55,0,51,0,53,0,56,0,51,0,53,0,57,0,51,0,54,0,48,0,51,0,54,0,49,0,51,0,54,0,50,0,51,0,54,0,51,0,51,0,54,0,52,0,51,0,54,0,53,0,51,0,54,0,54,0,51,0,54,0,55,0,51,0,54,0,56,0,51,0,54,0,57,0,51,0,55,0,48,0,51,0,55,0,49,0,51,0,55,0,50,0,51,0,55,0,51,0,51,0,55,0,52,0,51,0,55,0,53,0,51,0,55,0,54,0,51,0,55,0,55,0,51,0,55,0,56,0,51,0,55,0,57,0,51,0,56,0,48,0,51,0,56,0,49,0,51,0,56,0,50,0,51,0,56,0,51,0,51,0,56,0,52,0,51,0,56,0,53,0,51,0,56,0,54,0,51,0,56,0,55,0,51,0,56,0,56,0,51,0,56,0,57,0,51,0,57,0,48,0,51,0,57,0,49,0,51,0,57,0,50,0,51,0,57,0,51,0,51,0,57,0,52,0,51,0,57,0,53,0,51,0,57,0,54,0,51,0,57,0,55,0,51,0,57,0,56,0,51,0,57,0,57,0,52,0,48,0,48,0,52,0,48,0,49,0,52,0,48,0,50,0,52,0,48,0,51,0,52,0,48,0,52,0,52,0,48,0,53,0,52,0,48,0,54,0,52,0,48,0,55,0,52,0,48,0,56,0,52,0,48,0,57,0,52,0,49,0,48,0,52,0,49,0,49,0,52,0,49,0,50,0,52,0,49,0,51,0,52,0,49,0,52,0,52,0,49,0,53,0,52,0,49,0,54,0,52,0,49,0,55,0,52,0,49,0,56,0,52,0,49,0,57,0,52,0,50,0,48,0,52,0,50,0,49,0,52,0,50,0,50,0,52,0,50,0,51,0,52,0,50,0,52,0,52,0,50,0,53,0,52,0,50,0,54,0,52,0,50,0,55,0,52,0,50,0,56,0,52,0,50,0,57,0,52,0,51,0,48,0,52,0,51,0,49,0,52,0,51,0,50,0,52,0,51,0,51,0,52,0,51,0,52,0,52,0,51,0,53,0,52,0,51,0,54,0,52,0,51,0,55,0,52,0,51,0,56,0,52,0,51,0,57,0,52,0,52,0,48,0,52,0,52,0,49,0,52,0,52,0,50,0,52,0,52,0,51,0,52,0,52,0,52,0,52,0,52,0,53,0,52,0,52,0,54,0,52,0,52,0,55,0,52,0,52,0,56,0,52,0,52,0,57,0,52,0,53,0,48,0,52,0,53,0,49,0,52,0,53,0,50,0,52,0,53,0,51,0,52,0,53,0,52,0,52,0,53,0,53,0,52,0,53,0,54,0,52,0,53,0,55,0,52,0,53,0,56,0,52,0,53,0,57,0,52,0,54,0,48,0,52,0,54,0,49,0,52,0,54,0,50,0,52,0,54,0,51,0,52,0,54,0,52,0,52,0,54,0,53,0,52,0,54,0,54,0,52,0,54,0,55,0,52,0,54,0,56,0,52,0,54,0,57,0,52,0,55,0,48,0,52,0,55,0,49,0,52,0,55,0,50,0,52,0,55,0,51,0,52,0,55,0,52,0,52,0,55,0,53,0,52,0,55,0,54,0,52,0,55,0,55,0,52,0,55,0,56,0,52,0,55,0,57,0,52,0,56,0,48,0,52,0,56,0,49,0,52,0,56,0,50,0,52,0,56,0,51,0,52,0,56,0,52,0,52,0,56,0,53,0,52,0,56,0,54,0,52,0,56,0,55,0,52,0,56,0,56,0,52,0,56,0,57,0,52,0,57,0,48,0,52,0,57,0,49,0,52,0,57,0,50,0,52,0,57,0,51,0,52,0,57,0,52,0,52,0,57,0,53,0,52,0,57,0,54,0,52,0,57,0,55,0,52,0,57,0,56,0,52,0,57,0,57,0,53,0,48,0,48,0,53,0,48,0,49,0,53,0,48,0,50,0,53,0,48,0,51,0,53,0,48,0,52,0,53,0,48,0,53,0,53,0,48,0,54,0,53,0,48,0,55,0,53,0,48,0,56,0,53,0,48,0,57,0,53,0,49,0,48,0,53,0,49,0,49,0,53,0,49,0,50,0,53,0,49,0,51,0,53,0,49,0,52,0,53,0,49,0,53,0,53,0,49,0,54,0,53,0,49,0,55,0,53,0,49,0,56,0,53,0,49,0,57,0,53,0,50,0,48,0,53,0,50,0,49,0,53,0,50,0,50,0,53,0,50,0,51,0,53,0,50,0,52,0,53,0,50,0,53,0,53,0,50,0,54,0,53,0,50,0,55,0,53,0,50,0,56,0,53,0,50,0,57,0,53,0,51,0,48,0,53,0,51,0,49,0,53,0,51,0,50,0,53,0,51,0,51,0,53,0,51,0,52,0,53,0,51,0,53,0,53,0,51,0,54,0,53,0,51,0,55,0,53,0,51,0,56,0,53,0,51,0,57,0,53,0,52,0,48,0,53,0,52,0,49,0,53,0,52,0,50,0,53,0,52,0,51,0,53,0,52,0,52,0,53,0,52,0,53,0,53,0,52,0,54,0,53,0,52,0,55,0,53,0,52,0,56,0,53,0,52,0,57,0,53,0,53,0,48,0,53,0,53,0,49,0,53,0,53,0,50,0,53,0,53,0,51,0,53,0,53,0,52,0,53,0,53,0,53,0,53,0,53,0,54,0,53,0,53,0,55,0,53,0,53,0,56,0,53,0,53,0,57,0,53,0,54,0,48,0,53,0,54,0,49,0,53,0,54,0,50,0,53,0,54,0,51,0,53,0,54,0,52,0,53,0,54,0,53,0,53,0,54,0,54,0,53,0,54,0,55,0,53,0,54,0,56,0,53,0,54,0,57,0,53,0,55,0,48,0,53,0,55,0,49,0,53,0,55,0,50,0,53,0,55,0,51,0,53,0,55,0,52,0,53,0,55,0,53,0,53,0,55,0,54,0,53,0,55,0,55,0,53,0,55,0,56,0,53,0,55,0,57,0,53,0,56,0,48,0,53,0,56,0,49,0,53,0,56,0,50,0,53,0,56,0,51,0,53,0,56,0,52,0,53,0,56,0,53,0,53,0,56,0,54,0,53,0,56,0,55,0,53,0,56,0,56,0,53,0,56,0,57,0,53,0,57,0,48,0,53,0,57,0,49,0,53,0,57,0,50,0,53,0,57,0,51,0,53,0,57,0,52,0,53,0,57,0,53,0,53,0,57,0,54,0,53,0,57,0,55,0,53,0,57,0,56,0,53,0,57,0,57,0,54,0,48,0,48,0,54,0,48,0,49,0,54,0,48,0,50,0,54,0,48,0,51,0,54,0,48,0,52,0,54,0,48,0,53,0,54,0,48,0,54,0,54,0,48,0,55,0,54,0,48,0,56,0,54,0,48,0,57,0,54,0,49,0,48,0,54,0,49,0,49,0,54,0,49,0,50,0,54,0,49,0,51,0,54,0,49,0,52,0,54,0,49,0,53,0,54,0,49,0,54,0,54,0,49,0,55,0,54,0,49,0,56,0,54,0,49,0,57,0,54,0,50,0,48,0,54,0,50,0,49,0,54,0,50,0,50,0,54,0,50,0,51,0,54,0,50,0,52,0,54,0,50,0,53,0,54,0,50,0,54,0,54,0,50,0,55,0,54,0,50,0,56,0,54,0,50,0,57,0,54,0,51,0,48,0,54,0,51,0,49,0,54,0,51,0,50,0,54,0,51,0,51,0,54,0,51,0,52,0,54,0,51,0,53,0,54,0,51,0,54,0,54,0,51,0,55,0,54,0,51,0,56,0,54,0,51,0,57,0,54,0,52,0,48,0,54,0,52,0,49,0,54,0,52,0,50,0,54,0,52,0,51,0,54,0,52,0,52,0,54,0,52,0,53,0,54,0,52,0,54,0,54,0,52,0,55,0,54,0,52,0,56,0,54,0,52,0,57,0,54,0,53,0,48,0,54,0,53,0,49,0,54,0,53,0,50,0,54,0,53,0,51,0,54,0,53,0,52,0,54,0,53,0,53,0,54,0,53,0,54,0,54,0,53,0,55,0,54,0,53,0,56,0,54,0,53,0,57,0,54,0,54,0,48,0,54,0,54,0,49,0,54,0,54,0,50,0,54,0,54,0,51,0,54,0,54,0,52,0,54,0,54,0,53,0,54,0,54,0,54,0,54,0,54,0,55,0,54,0,54,0,56,0,54,0,54,0,57,0,54,0,55,0,48,0,54,0,55,0,49,0,54,0,55,0,50,0,54,0,55,0,51,0,54,0,55,0,52,0,54,0,55,0,53,0,54,0,55,0,54,0,54,0,55,0,55,0,54,0,55,0,56,0,54,0,55,0,57,0,54,0,56,0,48,0,54,0,56,0,49,0,54,0,56,0,50,0,54,0,56,0,51,0,54,0,56,0,52,0,54,0,56,0,53,0,54,0,56,0,54,0,54,0,56,0,55,0,54,0,56,0,56,0,54,0,56,0,57,0,54,0,57,0,48,0,54,0,57,0,49,0,54,0,57,0,50,0,54,0,57,0,51,0,54,0,57,0,52,0,54,0,57,0,53,0,54,0,57,0,54,0,54,0,57,0,55,0,54,0,57,0,56,0,54,0,57,0,57,0,55,0,48,0,48,0,55,0,48,0,49,0,55,0,48,0,50,0,55,0,48,0,51,0,55,0,48,0,52,0,55,0,48,0,53,0,55,0,48,0,54,0,55,0,48,0,55,0,55,0,48,0,56,0,55,0,48,0,57,0,55,0,49,0,48,0,55,0,49,0,49,0,55,0,49,0,50,0,55,0,49,0,51,0,55,0,49,0,52,0,55,0,49,0,53,0,55,0,49,0,54,0,55,0,49,0,55,0,55,0,49,0,56,0,55,0,49,0,57,0,55,0,50,0,48,0,55,0,50,0,49,0,55,0,50,0,50,0,55,0,50,0,51,0,55,0,50,0,52,0,55,0,50,0,53,0,55,0,50,0,54,0,55,0,50,0,55,0,55,0,50,0,56,0,55,0,50,0,57,0,55,0,51,0,48,0,55,0,51,0,49,0,55,0,51,0,50,0,55,0,51,0,51,0,55,0,51,0,52,0,55,0,51,0,53,0,55,0,51,0,54,0,55,0,51,0,55,0,55,0,51,0,56,0,55,0,51,0,57,0,55,0,52,0,48,0,55,0,52,0,49,0,55,0,52,0,50,0,55,0,52,0,51,0,55,0,52,0,52,0,55,0,52,0,53,0,55,0,52,0,54,0,55,0,52,0,55,0,55,0,52,0,56,0,55,0,52,0,57,0,55,0,53,0,48,0,55,0,53,0,49,0,55,0,53,0,50,0,55,0,53,0,51,0,55,0,53,0,52,0,55,0,53,0,53,0,55,0,53,0,54,0,55,0,53,0,55,0,55,0,53,0,56,0,55,0,53,0,57,0,55,0,54,0,48,0,55,0,54,0,49,0,55,0,54,0,50,0,55,0,54,0,51,0,55,0,54,0,52,0,55,0,54,0,53,0,55,0,54,0,54,0,55,0,54,0,55,0,55,0,54,0,56,0,55,0,54,0,57,0,55,0,55,0,48,0,55,0,55,0,49,0,55,0,55,0,50,0,55,0,55,0,51,0,55,0,55,0,52,0,55,0,55,0,53,0,55,0,55,0,54,0,55,0,55,0,55,0,55,0,55,0,56,0,55,0,55,0,57,0,55,0,56,0,48,0,55,0,56,0,49,0,55,0,56,0,50,0,55,0,56,0,51,0,55,0,56,0,52,0,55,0,56,0,53,0,55,0,56,0,54,0,55,0,56,0,55,0,55,0,56,0,56,0,55,0,56,0,57,0,55,0,57,0,48,0,55,0,57,0,49,0,55,0,57,0,50,0,55,0,57,0,51,0,55,0,57,0,52,0,55,0,57,0,53,0,55,0,57,0,54,0,55,0,57,0,55,0,55,0,57,0,56,0,55,0,57,0,57,0,56,0,48,0,48,0,56,0,48,0,49,0,56,0,48,0,50,0,56,0,48,0,51,0,56,0,48,0,52,0,56,0,48,0,53,0,56,0,48,0,54,0,56,0,48,0,55,0,56,0,48,0,56,0,56,0,48,0,57,0,56,0,49,0,48,0,56,0,49,0,49,0,56,0,49,0,50,0,56,0,49,0,51,0,56,0,49,0,52,0,56,0,49,0,53,0,56,0,49,0,54,0,56,0,49,0,55,0,56,0,49,0,56,0,56,0,49,0,57,0,56,0,50,0,48,0,56,0,50,0,49,0,56,0,50,0,50,0,56,0,50,0,51,0,56,0,50,0,52,0,56,0,50,0,53,0,56,0,50,0,54,0,56,0,50,0,55,0,56,0,50,0,56,0,56,0,50,0,57,0,56,0,51,0,48,0,56,0,51,0,49,0,56,0,51,0,50,0,56,0,51,0,51,0,56,0,51,0,52,0,56,0,51,0,53,0,56,0,51,0,54,0,56,0,51,0,55,0,56,0,51,0,56,0,56,0,51,0,57,0,56,0,52,0,48,0,56,0,52,0,49,0,56,0,52,0,50,0,56,0,52,0,51,0,56,0,52,0,52,0,56,0,52,0,53,0,56,0,52,0,54,0,56,0,52,0,55,0,56,0,52,0,56,0,56,0,52,0,57,0,56,0,53,0,48,0,56,0,53,0,49,0,56,0,53,0,50,0,56,0,53,0,51,0,56,0,53,0,52,0,56,0,53,0,53,0,56,0,53,0,54,0,56,0,53,0,55,0,56,0,53,0,56,0,56,0,53,0,57,0,56,0,54,0,48,0,56,0,54,0,49,0,56,0,54,0,50,0,56,0,54,0,51,0,56,0,54,0,52,0,56,0,54,0,53,0,56,0,54,0,54,0,56,0,54,0,55,0,56,0,54,0,56,0,56,0,54,0,57,0,56,0,55,0,48,0,56,0,55,0,49,0,56,0,55,0,50,0,56,0,55,0,51,0,56,0,55,0,52,0,56,0,55,0,53,0,56,0,55,0,54,0,56,0,55,0,55,0,56,0,55,0,56
